[93 124 2]
[93 212 2]
[98 129 2]
[98 130 2]
[98 144 2]
[98 181 2]
[99 129 2]
[103 176 2]
[103 195 2]
[103 196 3]
[104 127 2]
[104 195 3]
[104 197 3]
[104 201 3]
[105 126 2]
[105 127 3]
[105 196 3]
[107 124 3]
[107 129 3]
[110 237 3]
[111 186 3]
[111 292 3]
[111 308 3]
[111 321 3]
[114 189 3]
[117 314 3]
[117 315 3]
[118 315 3]
[120 142 3]
[121 143 3]
[121 147 3]
[122 142 3]
[122 247 3]
[123 248 3]
[124 148 4]
[124 247 5]
[124 249 5]
[124 279 6]
[124 315 4]
[125 147 6]
[125 168 6]
[125 247 6]
[125 248 5]
[125 250 5]
[126 249 6]
[127 213 5]
[130 322 5]
[131 196 5]
[131 308 5]
[132 286 4]
[137 203 5]
[141 188 5]
[143 138 6]
[144 169 5]
[147 322 6]
[151 198 6]
[152 316 6]
[152 317 6]
[153 317 6]
[154 148 6]
[154 159 6]
[154 316 6]
[155 148 6]
[155 149 6]
[156 156 4]
[156 157 4]
[156 197 4]
[157 155 6]
[157 157 6]
[160 322 6]
[165 138 6]
[166 259 6]
[167 259 6]
[167 260 6]
[168 168 5]
[169 286 6]
[170 285 6]
[170 287 6]
[170 299 6]
[171 283 4]
[171 286 4]
[176 322 6]
