[173 199 2]
[173 206 2]
[173 236 3]
[174 224 3]
[176 202 2]
[176 203 2]
[177 203 2]
[179 230 3]
[186 203 2]
[186 204 2]
[186 229 3]
[187 203 2]
[192 162 2]
[195 160 2]
[196 230 3]
[200 143 2]
[202 224 3]
[221 233 3]
[222 249 3]
[224 247 3]
[225 178 2]
[225 179 2]
[225 190 2]
[225 191 2]
[226 178 2]
[226 191 2]
[226 224 3]
[226 249 3]
[231 157 2]
[238 164 2]
[238 165 2]
[238 203 2]
[239 165 2]
[239 204 2]
[240 165 2]
[240 203 2]
[241 206 2]
[242 132 2]
[247 172 2]
[249 139 2]
[250 139 2]
[250 140 2]
[257 132 2]
[257 152 2]
[259 200 4]
[259 203 4]
[259 205 4]
[260 202 4]
[260 204 4]
[261 203 4]
[262 152 2]
[263 152 2]
[263 153 2]
[270 223 4]
[270 242 4]
[271 173 2]
[272 172 2]
[273 171 2]
[273 172 2]
[274 168 2]
[274 169 2]
[274 173 2]
[275 169 2]
[276 229 4]
[276 236 4]
[277 171 2]
[291 207 4]
[291 217 4]
[294 171 2]
[296 143 2]
[296 169 2]
[298 171 2]
[304 142 2]
[304 238 4]
[304 239 4]
[305 141 2]
[305 142 2]
[305 239 4]
[306 201 4]
[306 227 4]
[308 138 2]
[308 199 4]
[308 203 4]
[308 242 4]
[309 145 2]
[312 221 4]
