[74 217 2]
[74 228 2]
[76 241 2]
[77 213 2]
[81 222 2]
[81 223 2]
[82 201 2]
[82 222 2]
[86 222 2]
[86 232 2]
[87 223 2]
[88 221 2]
[88 222 2]
[89 208 2]
[89 222 2]
[90 208 2]
[90 209 2]
[95 191 2]
[98 258 2]
[99 195 2]
[102 254 2]
[103 252 2]
[107 261 2]
[112 223 2]
[114 195 2]
[114 250 2]
[115 196 2]
[115 197 2]
[115 249 2]
[115 250 2]
[116 196 2]
[118 191 2]
[118 253 2]
[135 192 3]
[135 200 3]
[135 218 4]
[135 225 4]
[137 196 3]
[138 195 3]
[138 197 3]
[138 221 4]
[138 222 4]
[139 196 3]
[139 220 4]
[139 221 4]
[142 197 3]
[143 222 4]
[144 222 4]
[144 223 4]
[144 263 4]
[147 219 4]
[149 260 4]
[150 259 4]
[150 260 4]
[151 236 4]
[155 232 4]
[155 266 4]
[185 231 3]
[185 237 3]
[186 221 3]
[198 210 3]
[200 205 3]
[200 206 3]
[201 205 3]
[208 221 3]
[210 289 6]
[211 236 5]
[215 244 5]
[216 282 6]
[216 283 6]
[217 283 6]
[222 288 6]
[237 199 3]
[238 208 3]
[242 243 5]
[244 239 5]
[245 284 8]
[245 287 8]
[247 283 8]
[248 250 5]
[257 195 3]
[258 194 3]
[262 200 3]
